# Created by Octave 4.4.0, Fri Jul 20 10:02:37 2018 IST <daguzman@C02W40FTHTDG>
# name: v
# type: matrix
# rows: 10
# columns: 1
 399900
 329900
 369000
 232000
 539900
 299900
 314900
 198999
 212000
 242500


